1 55 8 10 14.975000
2 90 5 10 19.135000
3 40 8 10 12.629000
4 75 5 10 17.416000
5 25 8 10 9.934000
6 60 5 10 15.619000
7 95 8 5 9.882000
8 45 5 10 13.443000
9 80 8 10 17.972000
10 30 5 10 11.057000
11 80 8 10 17.980000
13 65 8 10 16.257000
14 100 5 10 20.006000
15 50 8 10 14.232000
16 85 5 10 18.587000
17 35 8 10 11.842000
19 20 8 10 8.992000
20 55 5 10 14.953000
21 20 8 10 8.974000
22 55 5 10 14.953000
23 90 8 10 19.060000
24 40 5 10 12.666000
25 75 8 10 17.352000
26 25 5 10 10.045000
27 60 8 10 15.516000
28 95 5 10 19.557000
29 45 8 10 13.499000
30 80 5 10 17.942000
31 45 8 15 20.172000
32 80 5 10 17.953000
33 30 8 10 10.995000
34 65 5 10 16.169000
35 100 8 10 20.152000
37 85 8 10 18.610000
38 35 5 10 11.865000
39 70 8 10 16.784000
40 20 5 10 9.058000
41 70 8 10 16.907000
42 20 5 10 9.048000
43 55 8 10 14.957000
44 90 5 10 19.114000
46 75 5 10 17.410000
48 60 5 10 15.575000
49 95 8 10 19.614000
50 45 5 10 13.585000
51 95 8 10 19.574000
52 70 5 10 16.834000
53 80 8 10 17.965000
54 30 5 10 11.029000
55 65 8 20 32.418000
56 100 5 10 20.111000
57 50 8 10 14.240000
58 85 5 10 18.474000
59 35 8 10 11.913000
61 35 8 10 11.880000
62 70 5 10 16.811000
63 20 8 10 8.943000
64 55 5 10 14.974000
65 90 8 10 19.103000
66 40 5 10 12.602000
67 75 8 10 17.394000
69 60 8 10 15.619000
70 95 5 10 19.538000
71 60 8 5 7.788000
72 95 5 10 19.571000
74 80 5 10 17.966000
75 30 8 10 11.012000
76 65 5 10 16.220000
78 50 5 10 14.317000
79 85 8 10 18.530000
80 35 5 10 11.948000
81 85 8 10 18.530000
82 35 5 10 11.910000
83 70 8 10 16.812000
84 20 5 10 8.947000
85 55 8 10 14.913000
86 90 5 10 19.079000
87 40 8 10 12.806000
89 25 8 10 10.042000
90 60 5 10 15.567000
91 25 8 10 9.991000
92 60 5 15 23.337000
93 95 8 10 19.654000
95 80 8 10 17.985000
96 30 5 10 11.009000
97 65 8 10 16.165000
98 100 5 10 20.202000
99 50 8 10 14.184000
100 85 5 10 18.490000
